1818108
1818193
1818201
1818221
1818221
1818221
1818221
1818221
1818221
1818221
1818221
1817899
1818248
1818257
1818257
1818257
1818257
1818257
1818257
1818257
1818358
1818358
1818379
1818379
1818379
1818379
1818379
1818379
1818379
1818379
1818379
1818424
1818424
1818448
1818448
1818463
1818470
1818483
1818483
1818483
1818483
1818483
1818483
1818483
1818517
1818517
1818517
1818540
1818555
1818555
1818575
1818575
1818575
1818575
1818575
1818575
1818575
1818594
1818594
1818624
1818634
1818653
1818653
1818653
1818653
1818653
1818653
1818653
1818688
1818706
1818717
1818717
1818717
1818717
1818717
1818717
1818717
1818717
1818717
1818717
1818717
1818717
1818717
1818717
1818791
1818796
1818806
1818806
1818806
1818806
